15 16
10 16
31 33
10 13
9 13
9 12
9 11
9 10
9 9
11 9
10 9
12 9
13 9
14 9
15 9
15 10
15 11
15 12
15 13
14 13
13 13
12 13
12 12
14 16
13 16
12 16
11 16
10 16
9 16
9 17
9 18
9 19
9 20
10 20
11 20
12 20
13 20
14 20
15 20
12 17
12 18
12 19
15 23
14 23
13 23
12 23
11 23
10 23
9 23
9 25
9 24
9 26
10 26
11 26
12 26
13 26
14 26
15 26
9 27
9 28
10 29
9 29
11 29
12 29
13 29
14 29
15 29
15 36
15 35
15 34
15 33
15 32
14 32
13 32
12 32
12 33
12 34
12 35
12 36
11 32
10 32
9 32
9 33
9 34
9 35
9 36
19 32
20 32
21 32
22 32
24 32
23 32
25 32
25 33
25 34
25 35
25 36
24 36
23 36
22 36
21 36
20 36
19 36
19 35
19 34
19 33
19 39
20 39
21 39
21 40
22 40
23 40
23 41
24 41
24 42
24 43
23 43
22 43
22 44
21 44
21 44
20 44
19 44
25 42
19 51
19 50
19 49
19 48
19 47
20 47
21 47
22 47
22 48
22 49
22 50
22 51
24 47
23 47
25 47
25 48
25 49
25 50
25 51
19 54
20 54
21 54
22 54
23 54
24 54
25 54
19 55
19 56
19 57
19 58
20 58
21 58
22 58
22 57
22 56
22 55
23 57
24 58
25 59
23 56
24 57
25 58
29 18
30 18
31 18
32 18
33 18
31 19
31 20
30 20
29 20
29 19
29 22
30 22
31 22
32 22
33 22
29 23
29 24
29 25
30 25
31 25
31 24
31 23
32 24
33 25
29 29
29 28
30 27
29 27
31 27
31 28
31 29
32 27
33 27
33 29
33 28
29 33
29 32
29 31
31 31
30 31
31 32
31 33
32 33
33 33
33 32
33 31
29 37
29 36
29 35
30 35
31 35
31 36
31 37
32 37
33 37
33 36
33 35
29 45
29 44
29 43
31 43
30 43
31 44
31 45
32 45
33 45
33 44
33 43
29 47
30 47
31 47
32 47
33 47
31 48
31 49
30 49
29 49
29 48
33 51
32 51
31 51
30 51
29 51
29 52
29 53
30 53
31 53
32 53
33 53
31 52
29 57
29 56
29 55
30 55
31 55
32 55
33 55
33 56
33 57
29 59
31 59
30 59
32 59
33 59
33 60
33 61
31 61
31 60
29 60
29 61
29 64
30 64
31 64
33 64